437,35
0,318
328,2
328,1
328,0
327,6
327,5
327,4
327,3
327,2
327,1
327,0
326,4
326,3
326,2
326,1
326,0
325,5
325,4
325,3
325,2
325,1
181,6
181,5
181,1
180,11
180,10
180,9
180,4
180,1
102,38
102,37
102,36
102,35
102,34
102,33
102,32
102,31
102,30
102,29
102,28
102,27
102,25
102,17
102,15
102,12
102,1
97,10
97,9
97,8
97,4
97,1
54,25
54,24
54,23
54,22
54,21
54,20
54,19
54,18
54,17
54,16
54,15
54,14
54,13
54,12
54,11
54,10
54,9
54,8
54,7
54,6
54,5
54,4
54,1
53,20
53,19
53,18
53,17
53,16
53,15
53,14
53,13
53,12
53,11
53,10
53,5
53,4
53,1
52,21
52,20
52,19
52,18
52,17
52,16
52,15
52,14
52,13
52,12
52,11
52,10
52,9
52,8
52,7
52,6
52,5
52,4
52,1
51,7
51,1
20,3
20,2
20,1
19,3
19,2
19,1
12,3
18,1
12,2
18,3
12,1
11,22
11,18
14,1
14,82
11,16
11,14
11,12
11,10
11,8
14,3
11,4
11,3
13,1
11,2
13,5
11,1
9,7
9,6
13,3
9,4
9,3
9,2
9,1
8,18
8,17
8,15
8,13
8,11
8,9
8,6
8,4
8,3
8,2
8,1
2,3
2,2
2,1
0,465
